Function    Best Rate MB/s  Avg time     Min time     Max time
Copy:           12941.2     0.126093     0.098909     0.229300
Scale:          12427.7     0.140618     0.102996     0.206683
Add:            12405.8     0.190983     0.154767     0.265491
Triad:          12239.3     0.198140     0.156872     0.331248
-------------------------------------------------------------
