Function    Best Rate MB/s  Avg time     Min time     Max time
Copy:            9379.8     0.137354     0.136464     0.142399
Scale:           7801.8     0.164811     0.164065     0.169930
Add:            10363.8     0.186422     0.185261     0.191463
Triad:           7894.4     0.244074     0.243211     0.250014
-------------------------------------------------------------
