Function    Best Rate MB/s  Avg time     Min time     Max time
Copy:            6208.6     0.230185     0.206167     0.271956
Scale:           8114.9     0.172724     0.157735     0.195418
Add:             8287.4     0.241523     0.231676     0.254795
Triad:           8007.2     0.263245     0.239783     0.301872
-------------------------------------------------------------
