Function    Best Rate MB/s  Avg time     Min time     Max time
Copy:            8669.0     0.149155     0.147653     0.156224
Scale:           6951.0     0.184448     0.184147     0.184695
Add:            10179.0     0.189906     0.188623     0.207584
Triad:           7517.7     0.258501     0.255397     0.297743
-------------------------------------------------------------
