Function    Best Rate MB/s  Avg time     Min time     Max time
Copy:            9183.5     0.139499     0.139380     0.139673
Scale:           7402.4     0.173110     0.172918     0.174691
Add:            10348.5     0.185637     0.185534     0.185763
Triad:           7901.4     0.243307     0.242995     0.245591
-------------------------------------------------------------
