Function    Best Rate MB/s  Avg time     Min time     Max time
Copy:            7549.1     0.202491     0.169557     0.239430
Scale:           8159.3     0.173318     0.156877     0.194699
Add:             8337.4     0.242206     0.230287     0.253092
Triad:           8237.5     0.264906     0.233081     0.303427
-------------------------------------------------------------
