Function    Best Rate MB/s  Avg time     Min time     Max time
Copy:            8719.1     0.147941     0.146805     0.152743
Scale:           7016.0     0.182730     0.182440     0.183040
Add:            10214.5     0.188939     0.187968     0.193924
Triad:           7607.7     0.252552     0.252376     0.252923
-------------------------------------------------------------
