Function    Best Rate MB/s  Avg time     Min time     Max time
Copy:            6029.0     0.246388     0.212306     0.298691
Scale:           7698.5     0.176731     0.166266     0.194271
Add:             8367.7     0.251027     0.229455     0.267298
Triad:           8021.8     0.262035     0.239347     0.293296
-------------------------------------------------------------
