Function    Best Rate MB/s  Avg time     Min time     Max time
Copy:            9583.1     0.134767     0.133568     0.139750
Scale:           7924.2     0.162758     0.161530     0.167515
Add:            10593.0     0.183181     0.181252     0.188619
Triad:           8023.9     0.241256     0.239285     0.246107
-------------------------------------------------------------
