Function    Best Rate MB/s  Avg time     Min time     Max time
Copy:           17564.5     0.092742     0.072874     0.174503
Scale:          17570.1     0.086485     0.072851     0.156851
Add:            18535.8     0.123660     0.103583     0.261077
Triad:          17349.6     0.128253     0.110665     0.237620
-------------------------------------------------------------
