Function    Best Rate MB/s  Avg time     Min time     Max time
Copy:           16432.1     0.088917     0.077896     0.106553
Scale:          17151.5     0.082940     0.074629     0.105048
Add:            19133.8     0.108962     0.100346     0.145748
Triad:          17498.9     0.120379     0.109721     0.150554
-------------------------------------------------------------
