Function    Best Rate MB/s  Avg time     Min time     Max time
Copy:            9359.5     0.137617     0.136760     0.142523
Scale:           7800.2     0.164667     0.164099     0.166020
Add:            10386.2     0.186969     0.184861     0.196849
Triad:           7897.5     0.244945     0.243114     0.249979
-------------------------------------------------------------
