Function    Best Rate MB/s  Avg time     Min time     Max time
Copy:            8686.4     0.148442     0.147357     0.151672
Scale:           6957.4     0.184491     0.183977     0.185018
Add:            10396.5     0.185206     0.184677     0.187697
Triad:           7521.7     0.256252     0.255261     0.260680
-------------------------------------------------------------
