Function    Best Rate MB/s  Avg time     Min time     Max time
Copy:            6503.0     0.233142     0.196831     0.275400
Scale:           7647.7     0.173523     0.167370     0.180957
Add:             7929.7     0.247969     0.242129     0.260186
Triad:           8017.1     0.262225     0.239488     0.278488
-------------------------------------------------------------
