Function    Best Rate MB/s  Avg time     Min time     Max time
Copy:            9488.3     0.135700     0.134903     0.140693
Scale:           7838.8     0.164265     0.163290     0.168995
Add:            10494.8     0.184201     0.182948     0.189213
Triad:           7962.6     0.243055     0.241126     0.249119
-------------------------------------------------------------
