Function    Best Rate MB/s  Avg time     Min time     Max time
Copy:           16538.5     0.086890     0.077395     0.160741
Scale:          18497.1     0.084371     0.069200     0.147932
Add:            18843.5     0.114043     0.101892     0.146377
Triad:          16727.8     0.129255     0.114779     0.149391
-------------------------------------------------------------
