Function    Best Rate MB/s  Avg time     Min time     Max time
Copy:            9377.2     0.137367     0.136502     0.142933
Scale:           7802.7     0.164853     0.164045     0.169908
Add:            10359.3     0.187055     0.185340     0.197123
Triad:           7894.2     0.244964     0.243216     0.249841
-------------------------------------------------------------
