Function    Best Rate MB/s  Avg time     Min time     Max time
Copy:           16980.6     0.087004     0.075380     0.107941
Scale:          16755.5     0.083169     0.076393     0.099782
Add:            18890.8     0.110364     0.101637     0.153045
Triad:          17284.5     0.126489     0.111082     0.179476
-------------------------------------------------------------
