Function    Best Rate MB/s  Avg time     Min time     Max time
Copy:           15541.3     0.090028     0.082361     0.106281
Scale:          18187.2     0.079536     0.070379     0.111337
Add:            18609.2     0.118488     0.103175     0.222222
Triad:          16594.8     0.124943     0.115699     0.160590
-------------------------------------------------------------
