Function    Best Rate MB/s  Avg time     Min time     Max time
Copy:            9497.2     0.135727     0.134776     0.140627
Scale:           7852.2     0.164339     0.163011     0.169194
Add:            10543.9     0.183301     0.182096     0.188694
Triad:           7974.0     0.242802     0.240781     0.247290
-------------------------------------------------------------
