Function    Best Rate MB/s  Avg time     Min time     Max time
Copy:            8698.4     0.148296     0.147153     0.154050
Scale:           6981.6     0.184068     0.183339     0.186014
Add:            10186.6     0.188890     0.188483     0.190835
Triad:           7551.6     0.254989     0.254252     0.256021
-------------------------------------------------------------
