Function    Best Rate MB/s  Avg time     Min time     Max time
Copy:            6365.7     0.226891     0.201079     0.242188
Scale:           7692.2     0.176667     0.166403     0.192350
Add:             8446.8     0.244263     0.227304     0.254707
Triad:           8145.5     0.255534     0.235714     0.270656
-------------------------------------------------------------
