Function    Best Rate MB/s  Avg time     Min time     Max time
Copy:            6455.2     0.237477     0.198290     0.295496
Scale:           8886.4     0.174656     0.144041     0.199726
Add:             8238.5     0.247948     0.233053     0.263506
Triad:           8254.7     0.254395     0.232596     0.285163
-------------------------------------------------------------
