Function    Best Rate MB/s  Avg time     Min time     Max time
Copy:            8728.4     0.147494     0.146648     0.152613
Scale:           6994.1     0.184400     0.183012     0.189354
Add:            10452.7     0.184075     0.183685     0.185223
Triad:           7608.2     0.253187     0.252358     0.257757
-------------------------------------------------------------
